=== 计算记录 [2025-04-11 19:39:06] ===

【技术评价数据矩阵】 (3×34)
技术1: 0.80 0.00 0.00 0.00 0.00 0.00 2.00 1.00 3.00 4.00 1.00 2.00 1.00 3.00 2.00 1.00 1.00 1.00 2.00 3.00 3.00 2.00 2.00 3.00 0.00 0.00 0.00 0.00 0.00 0.00 0.00 0.00 0.00 0.00 
技术2: 0.00 0.00 0.00 0.00 0.00 0.10 10.00 2.00 2.00 4.00 1.00 1.00 1.00 3.00 1.00 1.00 1.00 2.00 3.00 3.00 3.00 1.00 1.00 3.00 0.00 0.00 0.00 0.00 0.00 0.00 0.00 0.00 0.00 0.00 
技术3: 0.00 0.00 0.40 0.00 0.00 0.00 5.00 3.00 1.00 2.00 1.00 4.00 1.00 4.00 2.00 2.00 2.00 1.00 4.00 3.00 3.00 1.00 1.00 3.00 0.00 0.00 0.00 0.00 0.00 0.00 0.00 0.00 0.00 0.00 

【R1 (一级指标判断矩阵)】 (7×7)
0.50 0.60 0.70 0.70 0.60 0.60 0.90 
0.40 0.50 0.80 0.70 0.60 0.60 0.90 
0.30 0.20 0.50 0.50 0.50 0.50 0.90 
0.30 0.30 0.50 0.50 0.50 0.50 0.50 
0.40 0.40 0.50 0.50 0.50 0.50 0.50 
0.40 0.40 0.50 0.50 0.50 0.50 0.50 
0.10 0.10 0.10 0.50 0.50 0.50 0.50 

【R2 (二级指标判断矩阵1)】 (6×6)
0.50 0.55 0.60 0.70 0.80 0.90 
0.45 0.50 0.55 0.60 0.70 0.80 
0.40 0.45 0.50 0.55 0.60 0.70 
0.30 0.40 0.45 0.50 0.55 0.60 
0.20 0.30 0.40 0.45 0.50 0.55 
0.10 0.20 0.30 0.40 0.45 0.50 

【R3 (二级指标判断矩阵2)】 (3×3)
0.50 0.20 0.10 
0.80 0.50 0.30 
0.90 0.70 0.50 

【R4 (二级指标判断矩阵3)】 (3×3)
0.50 0.50 0.50 
0.50 0.50 0.50 
0.50 0.50 0.50 

【R5 (二级指标判断矩阵4)】 (7×7)
0.50 0.50 0.50 0.50 0.50 0.50 0.50 
0.50 0.50 0.50 0.50 0.50 0.50 0.50 
0.50 0.50 0.50 0.50 0.50 0.50 0.50 
0.50 0.50 0.50 0.50 0.50 0.50 0.50 
0.50 0.50 0.50 0.50 0.50 0.50 0.50 
0.50 0.50 0.50 0.50 0.50 0.50 0.50 
0.50 0.50 0.50 0.50 0.50 0.50 0.50 

【R6 (二级指标判断矩阵5)】 (8×8)
0.50 0.50 0.50 0.50 0.50 0.50 0.50 0.50 
0.50 0.50 0.50 0.50 0.50 0.50 0.50 0.50 
0.50 0.50 0.50 0.50 0.50 0.50 0.50 0.50 
0.50 0.50 0.50 0.50 0.50 0.50 0.50 0.50 
0.50 0.50 0.50 0.50 0.50 0.50 0.50 0.50 
0.50 0.50 0.50 0.50 0.50 0.50 0.50 0.50 
0.50 0.50 0.50 0.50 0.50 0.50 0.50 0.50 
0.50 0.50 0.50 0.50 0.50 0.50 0.50 0.50 

【R7 (二级指标判断矩阵6)】 (4×4)
0.50 0.50 0.50 0.50 
0.50 0.50 0.50 0.50 
0.50 0.50 0.50 0.50 
0.50 0.50 0.50 0.50 

【R8 (二级指标判断矩阵7)】 (3×3)
0.50 0.50 0.50 
0.50 0.50 0.50 
0.50 0.50 0.50 


开始计算效能值...

=== 装备效能排行榜 ===

第1名: 装备1  | 效能值: 0.1491
第2名: 装备2  | 效能值: 0.1144
第3名: 装备3  | 效能值: 0.0475

==================================================

